16994662304629350688
,4686654618469469672
,3948108860571254726
,13977167452392048760
,4607166455966811362
,5830296622725963903
,11972618401744196743
,1377251059295084600
,13913806632875845637
,17273273653623592020
,11594143332881967834
,7878552316975062058
,14298715658651804736
,287387941417377225
,17793868053895801157
,17704849918043526303
,11947990645938179386
,7882986485229569118
,11422290762259000190
,1578651850027664216
,9709382013950358816
,1995771811171162279
,8243983428459060035
,414823608340077435
,13192841733620554687
,18399598056683555859
,5741739086232512627
,5167677012120622170
,5388046537051408556
,4769787904715639035
,16141705340696578696
,12088653759994960197
,8675300683813669553
,2337522225975282519
,11844253140312763644
,15926376171802851951
,6311871937749007356
,18331034554558587797
,6479464081216181907
,17742039149192814663
,8810419094580068312
,11230852566430868745
,7578113481656624928
,8007122831550425846
,11381985539464830643
,9951794362574146392
,16391651856032600601
,8839271577341440244
,5540972375082041122
,7452357142094025080
,13137805021471307438
,5366714383187086326
,5866072234904335813
,15511631722610674525
,4880606264059967295
,1913585001288568561
,18354542370931036565
,5890718564607715372
,304592132220594265
,11757643239342808761
,566659996949674318
,8047593937638994586
,10471603195556089573
,14484698167187837292
,3996631589774442136
,14196631577283226930
,14056942844123863624
,1927640395018044184
,1611165627076645294
,7989916235794569531
,13241613150008710054
,6115767156975926229
,12049624629974829977
,16170281539817908790
,438869350954523849
,17253732765839377106
,1513764568351743677
,13159728557860890587
,814812058796314860
,12970634763214532964
