1712622657
,1111625430
,3827752446
,2042971741
,3412822687
,993222151
,2247529737
,1161903827
,1855721046
,3403761399
,3685580374
,731933521
,1038421591
,1716744882
,4139109420
,4294561687
,3153340117
,2478008977
,2036298440
,923547318
,2516397628
,122751663
,3218846525
,1072769597
,99582764
,1314070015
,932631801
,1221151272
,3763838075
,1232178236
,2107065791
,1104300669
,3266451005
,475439355
,1490313657
,2624890984
,3782792446
,2882484021
,4283329790
,2414366520
,3043162540
,2277936261
,130301933
,54651455
,1158157439
,1168492899
,3400483516
,1137527728
,4048386340
,1782026389
,4201918171
,2055505407
,972328329
,301937190
,1071895396
,2251908482
,2756077185
,3367064814
,2986066914
,2927586029
,2908179983
,1237294278
,1522687879
,1693048088
,176781228
,2898136982
,603183868
,708442061
,2864788296
,3372312062
,3888049006
,413788996
,1270347036
,3997509045
,4116513969
,1660672865
,2685165157
,3741267257
,3445591230
,1237844657
,685337154
,3193156689
,4016000696
,4125387134
,2728403015
,2343063903
,2891327600
,1969521021
,893147455
,2734442530
,1894580452
,2635104563
,1759156526
,2741537416
,2665996703
,653932647
,2150867299
,2302143259
,1788119296
,3928365507
,2696506051
,62473028
,314010647
,2115824743
,502978031
,1058448871
,507372525
,3442922292
,3845048469
,194693111
,2101507125
,2963556483
,1213943576
,3455612251
,1799018438
,2105541819
,1686952862
,4175233878
,2994464437
,3529496443
,800282309
,4018387537
,1049429688
,3069859384
,4160021668
,3218858682
,1936777954
,79362861
,2392292749
,2053522926
,928899105
,486402598
,2591943289
,3144417200
,3399939749
,2522602144
,1603826716
,2071814876
,3136147133
,2530044925
,3359579538
,2030034034
,4069867198
,3999162334
,1467970162
,689577410
,4120612418
,9643231
,2049029261
,1882725792
,1062633854
,1073602861
,929915582
,1461378536
,385441213
,2641121849
,1331321257
,2474278728
,451765101
,1986938108
,580054110
,3517290489
,3202348370
,3991105487
,214857050
,3345727385
,1724857820
,1691008981
,93565405
,3968384815
,3500522951
,3261296384
,3298286074
,3571472960
,3338687845
,588486717
,1267288292
,1183436831
,1648401189
,1124277332
,1241855869
,1278919800
,3652703099
,3640574270
,4263989431
,3830212092
,3337713657
,4099347643
,2252702588
,1759091409
,81530431
,31764024
,63484528
,2689081879
,4127883388
,1972608631
,400451646
,1187929460
,2175906160
,1615540350
,1220007663
,3762215304
,1233180837
,3014214471
,1095111267
,3933681367
,3334408187
,3740990968
,4246113751
,1285267150
,3301969385
,2930497383
,4023884414
,3588181047
,2268310130
,3887523725
,2933322666
,3179224319
,1970333753
,748968456
,451152552
,3075940537
,3178297705
,57573861
,683490061
,3861615686
,4014037249
,663164844
,3326134227
,3289611693
,3364044487
,1567608181
,1240869232
,3569491402
,3581029466
,26391280
,1931643845
,907243043
,60700237
,2004184945
,1249138522
,1384310330
,3864460118
,3169661936
,596157251
,3631426749
,2121344946
,3849100788
,2412259846
,613339202
,3556119478
,4222983099
,329263882
,789606808
,3631402190
,3835318225
,1847904096
,316555364
,2041688314
,1897954965
,796037111
,2040854230
,2277059284
,2585121867
,3144429202
,745682819
,2175905200
,844198628
,2872835806
,2749739959
,3021084057
,40906801
,2973518256
,2606539315
,515170862
,542657667
,2526549856
,1492148636
,154550412
,381049261
,1973361991
,1614439059
,682813099
,2392903872
,2492886495
,1666958790
,1672107498
,1841487302
,2347948543
,1413766722
,268892567
,3408624591
,3935461326
,2428685263
,189627355
,3396786124
,3437688214
,3387082713
,3518266185
,3792126810
,181104200
,1875576212
,1692146869
,1089540797
,2728733505
,977145862
,3187114140
,1838489015
,1841872772
,2930901834
,3635874252
,2563883751
,801054373
,2951835561
,2275118022
,764197163
,717087272
,2663328300
,337281926
,494575421
,2916948515
,2997994036
,783272909
,2574942754
,1572780599
,2970376062
,2615974610
,2063435361
,1052303709
,2713019122
,3182040475
,2145099411
,1697328158
,1280515513
,1312915169
,2010886019
,1559833758
,4160347689
,1600368892
,427835196
,3212945989
,1066262509
,876199900
,4265410187
,3091844847
,799747767
,4276669932
,2943745163
,1719586183
,3885428040
,214581999
,1510008622
,2477577328
,240483087
,2124362756
,3578727825
,3639279175
,3028793054
,932789972
,4090101634
,1579570783
,3783482203
,615583328
,4018216531
,3002436292
,1319568592
,3967059380
,2107092661
,2936342593
,4000554884
,198348082
,323322930
,2620201521
,662932001
,2081627915
,3328825608
,1164188855
,64152331
,177396057
,3498291989
,1791679831
,3807167986
,1215128057
,3538708216
,3998049535
,1294882757
,3278003352
,3360022009
,3351303897
,2194225337
,1389811010
,3666462416
,1628091844
,1753612752
,581310586
,3641064593
,3666228823
,1061142406
,4024281938
,3327401684
,1792856578
,900734149
,2435527694
,2473320866
,3832612138
,1014253885
,2606898435
,4265581103
,880081952
,1348352921
,1938143
,2712484421
,767519367
,733789738
,2681579324
,3585515299
,2803603974
,615365125
,2715244914
,872356516
,2526068518
,3877485057
,700167110
,4215120594
,3937361229
,3127047556
,393411938
,1034485270
,2372281445
,1652804051
,447079875
,3924065949
,3286199544
,3486631147
,579688072
,3949637535
,3185327945
,2788139869
,3801538747
,1070396959
,1610223323
,104175717
,2331713414
,2147455414
,1998596557
,1734090913
,654936900
,2670834586
,1979562623
,553127552
,2566824859
,1542886256
,1488777156
,1139642608
,650470112
,661732524
,3495488045
,2458471037
,1783346161
,411758945
,3301709039
,619278506
,2920343399
,525070516
,796388704
,1055569168
,1485037663
,452928973
,897376510
,3367305069
,1706968530
,3783225329
,1497423216
,1097704856
,4141379018
,17328583
,2222432130
,3002072978
,2603055106
,2306746822
,1141307410
,430306947
,3593580265
,3714237347
,328852028
,3044459347
,3198204418
,763768594
,4241855576
,399376040
,1609352765
,3794636389
,3923457942
,4147618366
,2422743722
,1441975347
,3349367330
,4174585631
,1564073137
,1676214903
,2146756345
,3536128783
,2543359252
,511288432
,1236175667
,871172717
,2391936855
,3195118650
,1277798949
,845877940
,3232304839
,3201798261
,3044925631
,54396973
,749748279
,714750479
,2121764920
,3585435949
,2209876577
,3178669353
,743903284
,1475922420
,1634495160
,2346478455
,3119742141
,1211075197
,1013448249
,3752372334
,177518086
,4281799254
,2079963665
,784710225
,279585607
,404269070
,3174882085
,730120802
,537479727
,871762056
,4251296062
,836993793
,3614491709
,3406776620
,1983776187
,1568643131
,1620847232
,305884724
,3372960903
,1844933927
,3995604351
,2156016839
,68891462
,2467249121
,2458149257
,60588930
,2654416885
,2617027449
,2435149933
,915645356
,4248670388
,2125299771
,930997949
,763071535
,611277240
,2137889259
,581173767
,1883953468
,1038018685
,936901517
,98318794
,1879787271
,1815259834
,565365575
,731617871
,800792331
,942572547
,3178132512
,1370654319
,2866768846
,3198809946
,3067701672
,2423191458
,2647552634
,3939368427
,2932695649
,865772152
,835287581
,2991338040
,3890416364
,1218352670
,3216968824
,1073560729
,1037700326
,1823710800
,1966483634
,1178581318
,701860481
,2931428064
,1020702742
,1215302033
,406591109
,1570660
,4068654722
,2030277389
,2486241576
,312027649
,3642176455
,228198429
,891391652
,2576588833
,3087120485
,474229995
,1033312256
,669360929
,858341475
,2150375511
,126402952
,2202487275
,3357262149
,1488638415
,1477263703
,3225817550
,2595115359
,3894834591
,3194906526
,4075446042
,309701873
,1107490913
,2334800951
,1654124736
,2213405496
,1657905275
,170510194
,3640588091
,3472344446
,2559825343
,2503896063
,3195882072
,1719465914
,3310142968
,2718133496
,3228502709
,1163202618
,1733942897
,1466530993
,3225795837
,1877457797
,897517577
,2934226716
,897727534
,2578869423
,1609594380
,2044221074
,2681589413
,2667003289
,1228262785
,1004975158
,1537983163
,33287958
,3939286917
,4043386787
,3887851273
,3091456843
,953627402
,4062998301
,2140100847
,4293557955
,3612570095
,3580353077
,2540794412
,4009444987
,4001779336
,2138185598
,3757267506
,1418817223
,2748357319
,887392365
,4020376716
,448370270
,2356266654
,2421268923
,1429594635
,3902495631
,535935928
,2540267707
,4160439737
,2202895555
,1022047975
,3480064292
,3757973176
,2675666545
,3148035717
,2372864484
,3053129396
,2665032704
,2531618352
,770616859
,4147498242
,1825471104
,3050809471
,1048390651
,1350079868
,3475495668
,3434237698
,3915378345
,4147409989
,2302986013
,2155196975
,2472930035
,2583765602
,2186045603
,141130016
,2806832665
,2416566376
,268472684
,286970636
,3390992713
,10176119
,2551870269
,3143574395
,2590860350
,1356014850
,2799572924
,654123455
,1716357176
,1431849657
,1770673432
,957497094
,154378191
,215336322
,164853686
,276998864
,1365482918
,1344660418
,1936386005
,3634886596
,1244784585
,2546900423
,2054876228
,535525189
,2760786887
,2672125915
,3533652814
,2699851741
,3711669886
,3753658132
,2951368581
,1845456345
,4265795135
,1425558461
,1019963943
,1446490823
,3740478961
,763415496
,2116320500
,2043434250
,842259910
,1647836927
,1530035284
,3661685230
,3283934675
,782923130
,2061357018
,3314415566
,3922096605
,3783443783
,3641767624
,3779812809
,4262721496
,3419568088
,3704043355
,2606180037
,3630407509
,3654790876
,4294311437
,3085808297
,736269507
,3611422668
,3510257088
,1928029673
,510473785
,2317788047
,2553455492
,1330247410
,3026558216
,784436163
,2308204300
,2371823274
,4267515923
,2142621103
,2774043387
,3053318316
,635394107
,536124397
,3030084141
,2911414372
,1385093564
,1684579872
,2950691671
,2881876485
,3635119268
,2409897530
,911868852
,965011046
,121163602
,256751596
,2841708973
,1160970074
,2198091916
,4218382343
,2680155086
,766292394
,2267294882
,2820696456
,2150573257
,3540896331
,602456513
,1127176601
,2014400909
,1513788295
,1512073030
,3625931140
,3644051734
,4174796151
,3609613211
,2230054851
,192149815
,397532039
,1539428831
,4194499292
,3575693649
,3530610109
,1081402427
,2557410814
,3239531358
,1528975699
,275734000
,1058235887
,3260934973
,3162424827
,3965679612
,2932090170
,3001681464
,3086579384
,2010245437
,3084622905
,2241276465
,3170184873
,343874749
,343914937
,335134820
,2343777495
,1425549578
,3049855024
,821378800
,1602552498
,2978679170
,399872841
,797706663
,3973625715
,482987694
,2490881052
,367506113
,731882599
,2931520459
,992592342
,2171707419
,3531790272
,294484419
,3483825886
,3918975124
,1635925916
,753019654
,1970477779
,3595738850
,3179523987
,74100789
,1282180791
,564360463
,3907763604
,281203475
,1484706236
,3391347855
,3750915262
,3358236402
,1531077919
,141449178
,1701328257
,1146998651
,3865673208
,3326957755
,3316543313
,3444768587
,3436684226
,2173884502
,156820187
,1770896196
,2800385486
,1790094170
,2129066345
,2087337403
,2175229524
,2276086656
,553365923
,3777266215
,917459625
,814078534
,1235691463
,14582720
,3010498966
,3430397336
,1502384751
,1739167494
,2041857750
,1227880787
,4180596692
,1966623852
,1222795030
,3683573268
,3282067270
,1225246678
,3496249240
,3711193292
,1092638676
,2878011162
,3758649297
,3244886178
,1199750344
,4039405207
,92265693
,4101675001
,750740679
,1009258708
,1829117278
,1277581151
,3275898090
,799039383
,1786690511
,69561046
,856858125
,502838830
,4059778886
,219648706
,2681601542
,3676924560
,824828460
,3656594086
,831238751
,2647974413
,1421730813
,505150049
,4133293362
,625262003
,105061545
,625478673
,1210192912
,548549360
,2468586681
,71434450
,1208139238
,2993850729
,1557377332
,3159893046
,1204823824
,244697923
,3049654607
,1529097394
,2458154592
,3403833668
,1510893926
,2937774026
,3520208188
,3582764072
,1241949741
,3396565912
,2042576968
,270338232
,2827760506
,2352458009
,3315649356
,3317130902
,3766338167
,3209661919
,1897874892
,3804202387
,3020094662
,724428275
,2199472073
,2808765900
,1229289422
,1535342489
,3530814801
,1527706953
,3195846735
,2787962701
,3829595105
,3072804351
,3226467833
,2448326618
,1188486086
,3972155242
,643697454
,434268558
,405992105
,503869580
,443343069
,142227917
,1417342941
,3060563421
,3882679531
,3347902411
,2370790867
,2412563407
,3310274540
,3283573699
,1611010375
,1649466306
,3256383427
,4038498142
,3697694671
,4249504091
,3547486144
,493106559
,2682723915
,4023033797
,1099012938
,991531109
,2464016807
,776819581
,3823500645
,3246704835
,2165356621
,3670450503
,1233706372
,1375870340
,1510142854
,202884176
,2029488606
,1029617022
,4274619646
,1591177082
,4117459380
,3336687289
,3186467258
,1876500920
,2340810416
,297044496
,1862920225
,576346169
,1074393504
,2150113781
,170574679
,503967746
,846201134
,2757357579
,2653775628
,2083201088
,426320227
,1841883233
,2699784285
,4074207602
,850520663
,849858916
,831363908
,2579683906
,4240415003
,330822378
,1479676831
,2129546196
,713035846
,1667620054
,2044085560
,2086423668
,3779250544
,1367605764
,2172686785
,3654612548
,51627031
,3796883318
,2508165603
,3723918307
,135410501
,804598647
,4223625629
,2286218232
,1900962144
,1280722483
,4241980859
,1867831992
,1471084280
,1355380536
,1835220116
,3955402416
,3284739247
,1385772724
,1954383166
,4108525425
,904897833
,584132285
,2734632617
,1030907066
,865681143
,2732002116
,2056895094
,4267024694
,1429741618
,669796969
,2752715270
,481530164
,2625198637
,3819754958
,4079321891
,1221729927
,2004099000
,1127065657
,4004817471
,3767192132
,1557600134
,3593328697
,1069048365
,2389964598
,1132611655
,515618052
,3023343219
,183044645
,3674116342
,1035534513
,12681276
,1108068649
,2670965
,138039564
,2241110095
,86923720
,1232231787
,3640317402
,3630589436
,1737784428
,485424475
,1466353628
,3890836943
,1741446617
,4213897318
,1952765454
,1334209497
,2295181288
,4149787586
,1415792541
,296115658
,685436679
,2111339414
,983919351
,1110331638
,1295445267
,3460155706
,1212733065
,1132487405
,2742024322
,3373135311
,2697491935
,3499024350
,1480842716
,10144197
,2290147463
,445019720
,2538354634
,3990847482
,1248121992
,2924181370
,3874848488
,4242303794
,936127270
,1196260787
,1699372997
,3867400555
,1971690125
,2276625253
,3662713925
,997991072
,1429797163
,3790031132
,2930400830
,265143213
,183227872
,148193625
,3956432717
,3978216898
,2448356782
,3485615580
,2017647566
,4243314118
,767587997
,575657036
,4239381960
,3359853394
,3800222275
,2031192605
,4106460306
,1640570822
,3883971582
,2362483242
,1544852138
,1181617556
,3976024058
,3454164154
,3881192703
,4152176059
,3831657805
,568831666
,1741164078
,3888475369
,1140983012
,1096248082
,2347813898
,144466407
,2692852580
,2672830010
,13346241
,2470372721
,67740257
,3490421293
,4208922923
,4174472467
,3234311111
,3669717094
,3791887924
,640623934
,1097766362
,2131422723
,3884055311
,2951603138
,4232602111
,4232103485
,1255360495
,4140291444
,3893353591
,3487853677
,2336462498
,3577158991
,3356417522
,1638053162
,1629673829
,4240059986
,1832819704
,3414027412
,3562276243
,3644434412
,3719736071
,2547295051
,610589353
,1993961000
,369469104
,1951698104
,1695623329
,45916673
,2952771744
,591159605
,1956375225
,562331939
,427374772
,1549460813
,1482610653
,703937329
,2752651533
,2657378559
,3447463610
,3880651962
,3779046213
,2885030677
,2766973600
,4158233741
,3351359485
,4220893031
,2285875348
,413493469
,711224316
,3867204983
,3244736899
,1307766234
,1226492317
,1741308404
,1101257032
,3301858535
,1841748335
,3427263707
,3362964991
,3628549499
,3306943846
,3653580045
,3032888400
,3880533051
,3889261117
,2105454720
,3969645201
,2277876325
,2210457824
,1095475750
,850125491
,1702730287
,4026362735
,142705511
,3629560894
,3007537124
,2950606646
,3789216750
,3757447515
,1565476633
,2552131846
,3008033765
,4021732257
,1678036033
,2207378272
,2143250563
,2239023839
,3311658822
,329307412
,403957750
,2198722823
,1220021107
,2836460282
,4198785135
,2414209658
,2457106878
,3597687272
,3611890335
,1424678975
,3268091137
,457635806
,1500446110
,2514775407
,1803715950
,3473223030
,3024934459
,629532523
,2269734829
,2596480813
,2523899835
,327983683
,3263218094
,2656319164
,4269367995
,2548638140
,2596867920
,318443612
,1038971579
,489289915
,346345832
,3501666367
,359925881
,95341474
,555503219
,2881346245
,1621909582
,1976029904
,2705584031
,1635908085
,3252428242
,3571598841
,1926120467
,1640191347
,3347075143
,3971683412
,3813705723
,1421024636
,1863538012
,848412755
,2358478625
,2664762783
,4257328149
,1706788758
,780438107
,766548521
,905846136
,1037929004
,2198710605
,2592147468
,2738491604
,2197617100
,850132009
,3742229474
,2810772050
,736432605
,2455258875
,4132863995
,2164076891
,3031324637
,588948346
,1079433099
,1305161458
,4138303290
,1741700705
,4018086647
,1875979716
,721327418
,3474300275
,1577946280
,306171841
,3498454788
,3817585301
,1292233173
,942779819
,269774029
,2728348495
,2847017920
,1486093641
,3127277533
,3024975353
,462684012
,356243323
,3211086330
,2750161727
,2815245048
,921775272
,3563973629
,122802172
,390089692
,1123447305
,4125017533
,4203237097
,443990264
,2570089405
,3386960852
,966655092
,2681496510
,2076047773
,2465591196
,2522236735
,3646341567
,1568080317
,1271296789
,3472260343
,3421909443
,2657742532
,3470552763
,3305308159
,3552993244
,3700371291
,1584598612
,4258701329
,423651149
,3741322869
,3323261481
,1688081912
,4208815032
,2221632249
,3329115767
,3678542908
,3830601531
,4091475580
,1234660989
,3629555390
,3504342312
,990588499
,739371543
,3214146274
,3642904011
,1496776654
,2149741156
,1469334077
,1304001556
,3706183262
,2949181082
,1601120440
,1606414582
,3921071503
,1806010452
,1151686920
,2155994595
,227576998
,3783427978
,1770119045
,1711505088
,4195288925
,1334304587
,3956048479
,538160901
,2675684359
,1581660464
,4253705050
,3994738687
,2972565205
,2184574276
,801447880
,587278833
,3884772265
,583791187
,3101373271
,831228491
,2388695780
,339478272
,3926684948
,3228556606
,1233282135
,1496434511
,1311723981
,3901998915
,2091421204
,3715540893
,3480708411
,3508260376
,1623787536
,2093050373
,335341210
,3078480537
,663616501
,2280287802
,629869096
,3428666571
,3882796780
,661593613
,1252593829
,1391154679
,3208326290
,1970156026
,2861529293
,1593731710
,3898816922
,2443365313
,4028085462
,3149323856
,3217526991
,3848052456
,1370405710
,139850451
,835035130
,2877987706
,1071380620
,2864343010
,3576499615
,66770850
,3037859012
,2632221237
,1385830991
,2079155590
,3507409862
,4235108851
,761636136
,3591803338
,2297194209
,3186751487
,2280640997
,77081411
,4001669111
,3062346670
,595299192
,2878929749
,3147653701
,646814417
,3592822448
,4253750874
,3706561210
,2548982766
,2096563117
,1450609072
,3618950589
,2424564008
,1101185200
,3489341679
,3371587670
,3226726860
,1515603839
,2056507765
,3741210054
,3742586362
,1601560553
,3735842811
,3422375919
,3817134480
,2743598184
,918707948
,2203568008
,3288495055
,1659092550
,2156385221
,1621014492
,3143291869
,2663441624
,2701212842
,751670833
,652373036
,2658432978
,2573356180
,912204648
,1486958786
,746308135
,1874997302
,3488214697
,4019670340
,934788607
,3788128710
,708016053
,3115372860
,27947977
,176744257
,2191652673
,3513506631
,2161340378
,3222003666
,1254579924
,1524718730
,1609464136
,2278047569
