32
97
39
17
83
43
217
235
232
13
209
102
139
87
10
65
198
255
235
56
23
128
202
54
120
200
250
101
190
223
248
193
226
68
255
92
123
241
239
63
127
160
189
92
227
95
233
80
135
148
68
179
0
73
39
166
56
96
208
155
138
250
28
19
5
232
9
2
106
197
23
193
84
20
89
200
222
254
182
239
218
170
100
207
238
171
230
160
42
28
161
5
151
61
86
109
64
164
65
58
34
62
111
198
201
221
233
96
207
1
253
3
69
105
161
20
184
132
240
246
159
148
150
54
50
67
180
245
58
205
213
118
48
202
207
165
94
68
80
69
113
254
101
109
126
107
172
45
238
32
132
158
88
131
233
88
126
127
232
21
32
245
19
202
127
167
190
134
167
88
152
97
227
103
178
27
67
91
130
235
63
131
104
114
123
91
142
187
223
191
193
5
191
219
102
118
168
99
22
183
19
76
151
130
242
128
88
255
115
104
221
35
71
193
174
79
90
212
102
237
220
70
183
71
172
8
57
66
199
47
198
74
251
200
135
242
211
176
49
66
136
202
62
37
124
219
2
224
69
153
48
217
139
134
195
167
177
202
106
26
2
220
100
120
87
75
214
109
20
140
112
32
252
172
37
66
122
61
95
164
111
250
141
39
191
218
5
221
252
59
73
237
21
70
152
87
149
35
224
45
206
234
100
254
147
22
203
143
64
174
235
89
71
32
182
214
154
98
56
246
216
127
195
166
124
229
68
122
9
101
229
210
231
0
220
155
32
231
189
157
15
222
42
105
246
170
123
175
202
3
31
111
179
30
111
54
139
239
244
157
88
139
247
242
62
224
27
138
25
18
178
48
132
216
122
227
244
176
164
200
170
102
171
122
34
127
4
143
4
125
229
76
120
17
220
33
86
23
108
103
174
246
35
89
15
220
82
182
246
139
216
36
76
102
122
74
197
53
65
44
158
121
104
81
93
203
227
24
222
98
68
215
63
55
215
225
137
101
187
67
241
14
82
137
107
107
142
26
149
81
51
50
10
111
184
254
44
232
61
251
82
9
192
81
89
40
99
50
238
32
58
4
185
30
205
68
59
138
43
163
78
249
155
210
67
46
221
7
154
50
143
93
12
204
174
111
229
78
247
27
160
155
82
145
108
145
251
101
61
252
3
201
152
62
156
126
65
227
118
55
50
109
15
219
51
145
4
197
72
218
248
51
10
75
20
195
24
131
190
231
185
90
192
26
174
17
57
252
153
2
92
22
59
89
169
235
123
226
225
110
166
19
105
187
0
169
195
183
213
251
140
152
211
145
223
84
153
139
114
98
194
221
56
167
54
42
231
250
98
97
104
224
201
92
115
118
89
45
23
6
210
194
95
77
137
146
113
239
189
158
45
202
218
248
1
21
219
167
220
111
102
191
160
182
236
80
66
27
64
203
78
11
100
49
188
132
152
243
0
180
